Frequencies:
A 0.0667
C 0.0221
D 0.0379
E 0.0428
F 0.0786
G 0.1074
H 0.0099
I 0.0657
K 0.0341
L 0.0991
M 0.0153
N 0.0421
P 0.0605
Q 0.0425
R 0.0721
S 0.0478
T 0.0267
V 0.0802
W 0.0072
Y 0.0413

Number of substitutions:
    A     C     D     E     F     G     H     I     K     L     M     N     P     Q     R     S     T     V     W     Y
A 25062  2422  1179  1239  3236  7546   415  4663  1581  5160  1534  1160  3407   733  2034  7233  1206  4203   666  1947
C  2422 12348   212   167   702   804   163  1890   175  1229   279   554   301   341   389   687   452  1428    90   711
D  1179   212 17932  4473   880  1551   899   299  2190   852   404  1741  1399  1040  1903  3489  1081   678   254  1104
E  1239   167  4473 22946   706   927   806   609  2550  1540   358  2295   985  1767  2534  1985  1052   702   267  1196
F  3236   702   880   706 37742  1328   883  8268   874 10984  1569   601  2201   659   689  1023  1046  5715  1989  9193
G  7546   804  1551   927  1328 84578   446  1750  1662  2528   687  6049  1512   837  1464  4651  1453  1537   282  1762
H   415   163   899   806   883   446   582   439   451   778    70   677   220   408   753   734   517   325   212  1607
I  4663  1890   299   609  8268  1750   439 17098  1083 15614  2099   692   817   924  1030  1384  1380 11903   692  2804
K  1581   175  2190  2550   874  1662   451  1083  8872  1855   189  1861  1593  2328  7268  1342   964  1171   134  1061
L  5160  1229   852  1540 10984  2528   778 15614  1855 41500  4415  1195  1290  1788  2779  2006  2116 13205   790  2226
M  1534   279   404   358  1569   687    70  2099   189  4415  1350   203    48  1845   184   178   199  1506    57   349
N  1160   554  1741  2295   601  6049   677   692  1861  1195   203 21656   978  2258  2224  1261  1023   958   178   748
P  3407   301  1399   985  2201  1512   220   817  1593  1290    48   978 43932   845  1384  2008  1129  5060   119   270
Q   733   341  1040  1767   659   837   408   924  2328  1788  1845  2258   845 25790  2810  1774  1147   816    80   617
R  2034   389  1903  2534   689  1464   753  1030  7268  2779   184  2224  1384  2810 48610  2774  1389  1111    86  1349
S  7233   687  3489  1985  1023  4651   734  1384  1342  2006   178  1261  2008  1774  2774 15582  4527  1241   335   632
T  1206   452  1081  1052  1046  1453   517  1380   964  2116   199  1023  1129  1147  1389  4527  6632  2316   234   827
V  4203  1428   678   702  5715  1537   325 11903  1171 13205  1506   958  5060   816  1111  1241  2316 35736   561  1898
W   666    90   254   267  1989   282   212   692   134   790    57   178   119    80    86   335   234   561   548   742
Y  1947   711  1104  1196  9193  1762  1607  2804  1061  2226   349   748   270   617  1349   632   827  1898   742 16378

Mutabilities:
A 66.620
C 50.766
D 58.245
E 52.738
F 57.616
G 31.120
H 93.939
I 76.562
K 76.596
L 62.913
M 91.373
N 54.623
P 36.419
Q 46.688
R 40.854
S 70.874
T 77.606
V 60.574
W 92.476
Y 64.808

Lambda = 0.00017482

Substitution probabilities (t = 1):
    A     C     D     E     F     G     H     I     K     L     M     N     P     Q     R     S     T     V     W     Y
A  98.8  0.17  0.05  0.04  0.06  0.11  0.06  0.11  0.07  0.08  0.15  0.04  0.08  0.03  0.04  0.23  0.07  0.08  0.14  0.07
C  0.05  99.1  0.01  0.01  0.01  0.01  0.02  0.04  0.01  0.02  0.03  0.02  0.01  0.01  0.01  0.02  0.03  0.03  0.02  0.03
D  0.03  0.01  99.0  0.16  0.02  0.02  0.14  0.01  0.10  0.01  0.04  0.06  0.03  0.04  0.04  0.11  0.06  0.01  0.05  0.04
E  0.03  0.01  0.18  99.1  0.01  0.01  0.12  0.01  0.11  0.02  0.04  0.08  0.02  0.06  0.05  0.06  0.06  0.01  0.06  0.04
F  0.07  0.05  0.03  0.02  99.0  0.02  0.13  0.19  0.04  0.17  0.15  0.02  0.05  0.02  0.01  0.03  0.06  0.11  0.41  0.34
G  0.17  0.05  0.06  0.03  0.03  99.5  0.07  0.04  0.07  0.04  0.07  0.22  0.04  0.03  0.03  0.15  0.08  0.03  0.06  0.06
H  0.01  0.01  0.04  0.03  0.02  0.01  98.4  0.01  0.02  0.01  0.01  0.02  0.01  0.01  0.02  0.02  0.03  0.01  0.04  0.06
I  0.11  0.13  0.01  0.02  0.16  0.02  0.07  98.7  0.05  0.24  0.21  0.02  0.02  0.03  0.02  0.04  0.08  0.22  0.14  0.10
K  0.04  0.01  0.09  0.09  0.02  0.02  0.07  0.02  98.7  0.03  0.02  0.07  0.04  0.08  0.15  0.04  0.05  0.02  0.03  0.04
L  0.12  0.08  0.03  0.05  0.21  0.04  0.12  0.36  0.08  98.9  0.44  0.04  0.03  0.06  0.06  0.06  0.12  0.25  0.16  0.08
M  0.03  0.02  0.02  0.01  0.03  0.01  0.01  0.05  0.01  0.07  98.4  0.01  0.00  0.07  0.00  0.01  0.01  0.03  0.01  0.01
N  0.03  0.04  0.07  0.08  0.01  0.08  0.10  0.02  0.08  0.02  0.02  99.0  0.02  0.08  0.05  0.04  0.06  0.02  0.04  0.03
P  0.08  0.02  0.06  0.03  0.04  0.02  0.03  0.02  0.07  0.02  0.00  0.04  99.4  0.03  0.03  0.06  0.06  0.10  0.02  0.01
Q  0.02  0.02  0.04  0.06  0.01  0.01  0.06  0.02  0.10  0.03  0.18  0.08  0.02  99.2  0.06  0.06  0.06  0.02  0.02  0.02
R  0.05  0.03  0.08  0.09  0.01  0.02  0.11  0.02  0.32  0.04  0.02  0.08  0.03  0.10  99.3  0.09  0.08  0.02  0.02  0.05
S  0.16  0.05  0.14  0.07  0.02  0.07  0.11  0.03  0.06  0.03  0.02  0.05  0.05  0.06  0.06  98.8  0.26  0.02  0.07  0.02
T  0.03  0.03  0.04  0.04  0.02  0.02  0.08  0.03  0.04  0.03  0.02  0.04  0.03  0.04  0.03  0.14  98.6  0.04  0.05  0.03
V  0.09  0.10  0.03  0.02  0.11  0.02  0.05  0.27  0.05  0.20  0.15  0.03  0.13  0.03  0.02  0.04  0.13  98.9  0.12  0.07
W  0.02  0.01  0.01  0.01  0.04  0.00  0.03  0.02  0.01  0.01  0.01  0.01  0.00  0.00  0.00  0.01  0.01  0.01  98.4  0.03
Y  0.04  0.05  0.04  0.04  0.18  0.02  0.24  0.06  0.05  0.03  0.03  0.03  0.01  0.02  0.03  0.02  0.05  0.04  0.15  98.9

Substitution probabilities (t = 5):
    A     C     D     E     F     G     H     I     K     L     M     N     P     Q     R     S     T     V     W     Y
A  69.2  4.11  1.40  1.28  1.75  2.77  1.77  2.72  1.85  2.12  3.58  1.25  2.25  0.88  1.24  5.32  1.97  2.13  3.33  1.92
C  1.36  75.3  0.27  0.21  0.43  0.35  0.65  1.10  0.26  0.55  0.74  0.54  0.25  0.36  0.26  0.61  0.68  0.74  0.55  0.70
D  0.80  0.47  72.4  3.90  0.52  0.66  3.19  0.30  2.39  0.43  1.01  1.66  0.97  1.07  1.15  2.68  1.61  0.42  1.34  1.09
E  0.82  0.40  4.39  74.6  0.46  0.45  2.95  0.47  2.80  0.68  0.97  2.15  0.73  1.71  1.50  1.68  1.58  0.44  1.42  1.19
F  2.06  1.52  1.08  0.85  73.0  0.65  3.47  4.77  1.18  4.29  3.94  0.74  1.54  0.81  0.56  1.05  1.72  2.98  9.39  8.02
G  4.46  1.69  1.86  1.13  0.89  84.2  1.99  1.26  2.09  1.21  1.90  5.69  1.20  1.03  1.04  3.93  2.35  0.97  1.73  1.84
H  0.26  0.29  0.83  0.68  0.44  0.18  59.0  0.28  0.49  0.31  0.22  0.58  0.16  0.37  0.40  0.55  0.67  0.19  0.96  1.29
I  2.68  3.27  0.51  0.72  3.99  0.77  1.83  65.8  1.32  5.63  4.92  0.78  0.75  1.01  0.71  1.28  2.06  5.36  3.58  2.69
K  0.95  0.41  2.15  2.23  0.51  0.66  1.69  0.68  65.3  0.77  0.60  1.69  1.05  2.07  3.66  1.15  1.38  0.63  0.77  1.01
L  3.15  2.49  1.13  1.58  5.41  1.11  3.07  8.50  2.23  71.1  9.91  1.31  1.12  1.88  1.66  1.86  3.15  6.26  4.32  2.50
M  0.82  0.51  0.41  0.34  0.76  0.27  0.33  1.14  0.27  1.53  60.0  0.23  0.09  1.49  0.15  0.22  0.34  0.74  0.40  0.38
N  0.79  1.03  1.84  2.11  0.39  2.23  2.46  0.50  2.08  0.55  0.64  73.8  0.71  2.09  1.30  1.14  1.51  0.54  0.99  0.79
P  2.04  0.69  1.55  1.04  1.19  0.68  1.00  0.69  1.86  0.68  0.35  1.03  81.7  0.90  0.89  1.74  1.74  2.47  0.82  0.43
Q  0.56  0.69  1.20  1.70  0.44  0.41  1.61  0.65  2.57  0.80  4.16  2.11  0.63  77.1  1.63  1.48  1.68  0.51  0.55  0.68
R  1.34  0.84  2.19  2.52  0.51  0.70  2.94  0.77  7.73  1.20  0.71  2.23  1.06  2.77  79.8  2.36  2.16  0.70  0.69  1.40
S  3.81  1.32  3.37  1.87  0.64  1.75  2.66  0.93  1.61  0.90  0.69  1.30  1.37  1.67  1.57  67.6  5.71  0.75  1.75  0.76
T  0.79  0.83  1.14  0.99  0.58  0.59  1.81  0.84  1.08  0.85  0.60  0.96  0.77  1.06  0.80  3.19  64.9  1.09  1.19  0.80
V  2.56  2.68  0.88  0.83  3.04  0.73  1.52  6.54  1.47  5.06  3.88  1.03  3.28  0.96  0.78  1.26  3.27  71.8  3.10  2.02
W  0.36  0.18  0.26  0.24  0.87  0.12  0.70  0.39  0.16  0.32  0.19  0.17  0.10  0.09  0.07  0.27  0.32  0.28  59.5  0.64
Y  1.19  1.31  1.19  1.14  4.21  0.71  5.35  1.69  1.22  1.04  1.04  0.78  0.30  0.66  0.80  0.66  1.24  1.04  3.67  69.8
